(state:(fields:(dissolved biomass:[[ 0.  0.  0.  0.  0.  0.  0.  0.  0.  0.]
 [ 0.  0.  0.  0.  0.  0.  0.  0.  0.  0.]
 [ 0.  0.  0.  0.  0.  0.  0.  0.  0.  0.]
 [ 0.  0.  0.  0.  0.  0.  0.  0.  0.  0.]
 [10. 10. 10. 10. 10. 10. 10. 10. 10. 10.]
 [ 0.  0.  0.  0.  0.  0.  0.  0.  0.  0.]
 [ 0.  0.  0.  0.  0.  0.  0.  0.  0.  0.]
 [ 0.  0.  0.  0.  0.  0.  0.  0.  0.  0.]
 [ 0.  0.  0.  0.  0.  0.  0.  0.  0.  0.]
 [ 0.  0.  0.  0.  0.  0.  0.  0.  0.  0.]
 [ 0.  0.  0.  0.  0.  0.  0.  0.  0.  0.]
 [ 0.  0.  0.  0.  0.  0.  0.  0.  0.  0.]
 [ 0.  0.  0.  0.  0.  0.  0.  0.  0.  0.]
 [ 0.  0.  0.  0.  0.  0.  0.  0.  0.  0.]
 [ 0.  0.  0.  0.  0.  0.  0.  0.  0.  0.]
 [ 0.  0.  0.  0.  0.  0.  0.  0.  0.  0.]
 [ 0.  0.  0.  0.  0.  0.  0.  0.  0.  0.]
 [ 0.  0.  0.  0.  0.  0.  0.  0.  0.  0.]
 [ 0.  0.  0.  0.  0.  0.  0.  0.  0.  0.]
 [ 0.  0.  0.  0.  0.  0.  0.  0.  0.  0.]]|glucose:[[0.95873432 0.90382802 1.68328786 0.97044228 0.39473329 0.95335728
  1.72927731 0.62202004 1.34170191 0.15424021]
 [1.90959261 0.59596106 0.7706937  1.79667669 0.32172083 0.37478869
  0.17065364 1.8912357  0.21371312 0.85455719]
 [1.01423611 1.73051341 0.8102891  0.80032336 0.56396699 0.15492405
  1.70233495 0.12511117 1.49603255 0.1345597 ]
 [1.08709411 0.37297828 0.36418846 0.88887874 1.83482906 0.33189922
  0.74421213 1.60441299 1.6984922  1.16840216]
 [0.68044895 0.82003092 1.52828268 1.51977599 1.4453311  1.52349235
  1.69771163 0.13833422 1.55243965 1.91945944]
 [0.37650331 0.36264773 0.93353126 0.88314234 1.72863137 0.53475484
  1.00682204 0.34707885 1.06023727 1.4903573 ]
 [1.09730136 1.89966194 0.87277124 1.85053578 0.10851139 1.15708133
  1.3567563  0.9705343  1.17278286 0.43447568]
 [0.37841514 0.25037581 1.83866662 0.15707012 0.47014915 1.90311045
  1.42946661 1.46322741 0.2862131  0.47659486]
 [1.01635509 0.52229261 0.17705726 1.22954041 0.71276362 0.60317364
  0.44924984 0.41813998 0.88614508 0.62144019]
 [1.26921155 1.89868776 0.41352338 1.20380768 0.26168698 1.49339992
  0.49803797 1.11003111 1.14002087 1.78060151]
 [0.56512868 0.42700392 0.3692417  1.72822606 1.74530058 1.3842079
  0.12773126 1.64184653 1.60263419 1.90109068]
 [0.78690663 0.9355546  1.27139623 1.18600463 0.45715314 1.83706196
  1.27824484 1.53207511 0.37851119 0.33376487]
 [0.95019773 1.86758192 0.32809025 1.13489355 1.3009928  0.16754403
  0.67641123 0.52660478 0.85690777 1.57133945]
 [0.27791867 1.50493263 0.56828018 0.62408424 1.46295632 1.67337516
  1.92419813 1.2490853  1.48961435 1.00986062]
 [1.50150296 1.48124896 0.465071   1.36579031 0.43293189 1.99216404
  1.65077026 0.23386072 0.28568738 1.86702725]
 [0.22851156 0.1437779  1.29911144 1.95813239 1.87922698 0.87857562
  0.458418   1.37011285 1.87111663 0.64017686]
 [0.64398658 1.15454073 1.82585118 0.97699351 0.56431788 0.14383605
  0.85156516 1.52380907 0.41828662 0.64871984]
 [1.41320018 1.0714129  1.75806359 1.11223451 1.56269744 0.7582485
  0.61438002 1.00992758 0.66005194 0.32722037]
 [1.71826708 0.94081913 1.54781639 0.89944337 1.48097671 1.82710599
  1.88379598 0.75175071 1.81087817 0.41786048]
 [1.97195999 1.20127884 0.53346575 0.38251869 1.5707381  1.16942954
  0.74716771 0.80624194 0.76527286 1.24369061]])|diffusion:process|emitter:step|global_time:0.0)|composition:(global_time:float)|interface:(inputs:()|outputs:())|bridge:(inputs:()|outputs:())|global_time_precision:None)