(state:(fields:(glucose:[[1.66962249 4.88798985 1.55021985 1.44702847 1.4027696  1.91680508
  4.88011258 4.30779244 3.68993887 3.87644324 3.33113928 3.00241575
  3.5217608  4.87134023 4.16038065 4.67244668 1.78588914 1.34548167
  4.28648239 1.92644068]
 [3.73091272 4.4700319  2.67991411 3.34328372 1.1765194  4.36321967
  4.29374139 2.06923401 1.71161314 2.13501038 3.51838372 2.95154463
  1.94008427 4.64345524 4.6019664  4.17289813 2.96087975 2.39808658
  4.59153387 1.76525453]
 [1.57412041 3.78982725 1.86704925 2.85651915 3.60043738 1.95249081
  2.80181403 2.0676473  4.76344595 1.27270337 4.24784987 4.70469119
  4.30625797 4.89191452 1.57837943 1.20698926 2.67565479 3.04684008
  1.27788207 2.08887011]
 [1.24828141 1.81371233 3.20903923 4.60107121 3.88658879 4.37796801
  1.66807478 2.43553693 4.96123775 4.74518018 3.42649898 3.7045147
  4.2081992  2.66110514 3.96292107 1.03613626 4.77940153 1.19289069
  2.20770233 2.01315148]
 [1.58622126 3.21150535 2.13491941 3.38087506 4.25753721 2.08689159
  4.26935884 1.73592836 2.0449631  1.01405123 3.43863911 4.12924663
  3.7460909  4.6015711  1.78381471 1.87480647 3.44782535 2.8452502
  1.48185497 4.75579306]
 [1.70757349 4.32250211 3.13060762 1.82780341 1.25855025 3.74570934
  3.28747814 2.20118003 3.15812119 2.63828733 1.14344052 3.05772534
  3.20503704 2.40536463 4.39043282 4.5405744  3.22307513 4.14384692
  2.13845987 3.9259987 ]
 [2.33374654 2.9428113  1.12153428 2.15888049 3.04827348 3.59424434
  4.91671559 4.26518129 3.71749784 4.15194091 3.04124143 3.0887234
  4.23154046 2.35447516 3.1590167  1.1463875  2.86055997 1.27498596
  3.44843965 3.28782127]
 [4.44774239 3.14053375 3.96009645 4.31883022 1.48713985 1.91390534
  1.91358184 3.46474814 2.74560642 4.33728603 3.25722667 4.2226927
  4.6838055  3.43789821 2.71821172 1.9987861  1.13473131 3.97254639
  3.39803551 2.70754824]
 [2.64592607 4.33164186 1.19143888 1.33831548 1.87728977 1.04121971
  1.1186214  1.53854129 4.4517263  3.59649793 4.05881418 2.68664126
  3.39180875 2.30769543 4.21479164 1.60895508 1.9350446  2.36889164
  4.9011852  2.78627148]
 [4.96633551 3.58787626 2.36885152 3.27819376 3.50886724 4.29716101
  2.57071272 2.05698711 4.08676476 2.20193901 3.6403807  2.98583742
  1.31175649 1.81473744 1.10885876 3.84951067 2.01700707 1.4616517
  3.89844607 2.1630675 ]]|acetate:[[0. 0. 0. 0. 0. 0. 0. 0. 0. 0. 0. 0. 0. 0. 0. 0. 0. 0. 0. 0.]
 [0. 0. 0. 0. 0. 0. 0. 0. 0. 0. 0. 0. 0. 0. 0. 0. 0. 0. 0. 0.]
 [0. 0. 0. 0. 0. 0. 0. 0. 0. 0. 0. 0. 0. 0. 0. 0. 0. 0. 0. 0.]
 [0. 0. 0. 0. 0. 0. 0. 0. 0. 0. 0. 0. 0. 0. 0. 0. 0. 0. 0. 0.]
 [0. 0. 0. 0. 0. 0. 0. 0. 0. 0. 0. 0. 0. 0. 0. 0. 0. 0. 0. 0.]
 [0. 0. 0. 0. 0. 0. 0. 0. 0. 0. 0. 0. 0. 0. 0. 0. 0. 0. 0. 0.]
 [0. 0. 0. 0. 0. 0. 0. 0. 0. 0. 0. 0. 0. 0. 0. 0. 0. 0. 0. 0.]
 [0. 0. 0. 0. 0. 0. 0. 0. 0. 0. 0. 0. 0. 0. 0. 0. 0. 0. 0. 0.]
 [0. 0. 0. 0. 0. 0. 0. 0. 0. 0. 0. 0. 0. 0. 0. 0. 0. 0. 0. 0.]
 [0. 0. 0. 0. 0. 0. 0. 0. 0. 0. 0. 0. 0. 0. 0. 0. 0. 0. 0. 0.]]|dissolved biomass:[[5.89266572e-02 7.82388708e-02 5.77491315e-02 6.22619195e-02
  7.98745620e-02 1.66351620e-03 1.93553155e-02 2.60763054e-02
  3.25319952e-02 2.72812665e-02 6.40256764e-04 2.54842198e-02
  8.93794291e-02 9.15600077e-02 3.52945281e-02 8.06717751e-02
  9.75602038e-02 2.17314733e-03 9.04917007e-02 4.54169900e-03]
 [9.32453825e-02 9.25028390e-02 6.11381091e-02 6.73687932e-03
  6.16846980e-02 2.67754827e-02 4.91217307e-02 2.94298629e-02
  8.59149088e-02 7.69955440e-02 1.57924743e-02 5.61222083e-02
  5.78547473e-02 2.72155277e-02 1.66926757e-02 3.78774864e-02
  8.42849808e-02 7.69203930e-02 2.01967417e-02 9.47627700e-02]
 [9.73497226e-03 7.99840845e-02 1.94435992e-02 5.11991850e-02
  2.84545450e-02 6.73180028e-02 4.59719781e-02 9.76593594e-02
  6.85739667e-02 5.59236178e-02 3.51523002e-02 3.50207164e-02
  7.79348855e-02 9.19386031e-02 6.70964915e-03 6.38320848e-02
  8.26199169e-02 4.20464551e-02 5.76005330e-02 4.21264673e-02]
 [4.05086006e-02 9.11529521e-02 1.42419923e-02 3.08929119e-02
  9.83487147e-02 4.71072182e-02 8.42324125e-02 4.74447816e-02
  2.24484821e-02 5.91160909e-02 7.19427859e-02 9.59188431e-02
  9.69492988e-03 9.89772458e-02 7.19669017e-02 1.61939372e-02
  4.89368401e-02 7.62290986e-02 5.03755147e-02 3.45632458e-02]
 [4.82221009e-02 7.48165339e-02 7.71819771e-02 5.86293373e-02
  8.29701616e-02 5.68425055e-02 9.95496989e-02 1.11652835e-03
  1.75723915e-02 4.78770111e-02 3.44011694e-02 9.88957613e-02
  9.67679297e-02 2.69231394e-02 7.54702074e-02 3.36716574e-02
  9.46045631e-03 6.45390237e-02 1.71915637e-03 9.93330418e-02]
 [3.41968172e-02 3.45559787e-03 1.12282349e-02 1.56221635e-02
  3.72193970e-02 9.92224152e-02 4.60400180e-02 4.57409542e-02
  9.82065982e-02 4.10361757e-02 4.93873908e-02 4.54895822e-02
  9.44451543e-02 1.09646863e-02 9.30695687e-02 5.88563816e-05
  1.08274918e-02 6.39863963e-02 8.55797498e-03 5.91422322e-02]
 [7.04123439e-02 3.07068213e-02 3.39675229e-02 7.02431236e-02
  1.13492630e-02 5.50740123e-02 6.25948653e-02 3.95847183e-02
  1.67018058e-02 2.09496458e-02 8.55270775e-02 3.43142209e-02
  1.73950290e-02 8.93666125e-02 3.58091297e-02 4.35896230e-02
  6.11407607e-02 2.43261928e-02 7.65252342e-02 7.19106361e-02]
 [8.29675625e-02 4.16519775e-02 6.57490958e-02 6.87333158e-02
  7.50026042e-02 1.28196285e-02 4.24684642e-02 9.47643212e-02
  2.11965466e-03 7.60809827e-03 5.12421899e-02 1.00054163e-02
  2.57067349e-02 4.97859424e-02 7.87837869e-02 3.40555982e-02
  7.26152345e-02 5.74924066e-02 6.73826029e-02 9.42227743e-03]
 [2.39385301e-02 8.41697854e-02 3.18536824e-02 8.89466784e-02
  4.17942908e-02 2.05955034e-02 7.76275504e-02 9.53989881e-02
  7.90898500e-02 5.19384111e-02 3.20079045e-02 5.12213283e-02
  1.66061699e-02 3.57173289e-02 9.54732557e-02 2.53078140e-05
  6.50730453e-02 8.42341157e-02 8.04988110e-02 1.98696034e-02]
 [1.95756967e-02 9.94713938e-02 7.23360728e-02 8.11522355e-02
  6.14945649e-02 7.44673485e-02 8.15190001e-02 6.17382319e-02
  8.62442961e-02 8.33319929e-03 4.23348182e-02 9.69431166e-02
  2.89151584e-02 5.59981760e-02 1.54263480e-02 6.39736561e-02
  6.54048483e-02 9.12452477e-02 3.52180017e-02 5.97922866e-02]])|diffusion:process|particles:(p_1cacc5:(shape:circle|mass:0.0017081512788795503|radius:0.19038932728575697|position:(41.25350406116517|32.793305141559074)|velocity:(-0.0|0.0)|elasticity:0.0))|newtonian_particles:process|particle_exchange:process|particle_division:process|emitter:step|global_time:0.0)|composition:(particles:map|global_time:float)|interface:(inputs:()|outputs:())|bridge:(inputs:()|outputs:())|global_time_precision:None)