(state:(fields:(glucose:[[1.93704688 1.49293614 1.3451856  1.04298234 0.54741963 1.63456911
  1.11189465 1.40550792 1.54775914 1.82117646 1.73352589 0.98174429
  1.92037807 0.8565295  1.36696254 0.92678301 1.3060417  0.67493079
  0.53788361 1.02597162]
 [0.75140081 0.67523839 0.86188258 1.48806281 1.06060077 1.80626552
  1.51294002 0.52357135 0.63610923 0.58749955 1.10289151 0.84451881
  1.23681731 1.65491918 0.50138607 1.83438278 1.33943788 1.52341179
  1.08681079 1.15674791]
 [0.80816347 1.30746087 1.1100077  1.10409299 0.75375567 1.16862766
  1.34953636 0.91360069 0.81838201 0.88508366 0.59185577 1.81177769
  1.60930821 1.98834149 0.83669634 1.5300285  0.7884629  1.14351899
  1.93111809 0.90897844]
 [1.63470664 1.25262785 1.74165705 1.75699159 0.58420929 1.03163625
  0.78850286 1.09920446 1.83103038 1.12829376 0.5408766  1.65481386
  0.93404203 1.84719821 0.66548568 1.93881802 1.66104162 0.52610411
  1.34355011 1.14917505]
 [1.59036745 1.63128927 1.13764819 1.46626584 1.93008187 0.93639431
  1.64628421 1.95800891 0.96349124 1.63587868 1.48091052 1.25449022
  1.20949323 1.06367841 1.64745826 1.92462288 0.91122293 1.83524325
  1.62650957 0.60687242]
 [0.76894036 0.7101419  1.31691093 0.78311871 0.87951758 0.53521669
  1.84703032 0.98456789 0.79083943 1.06110453 1.41437679 1.84935799
  1.48465127 1.77860782 1.54709006 0.82903859 1.63185205 1.87433747
  1.9829787  1.37257079]
 [1.69330819 0.51329122 0.87224477 1.27918182 1.91862867 0.81351985
  1.76563932 0.52742921 1.93571466 1.85995397 1.52409044 1.70034599
  1.14283181 1.03737133 1.46570444 0.68182044 0.65950439 1.49823152
  1.86385502 1.10778041]
 [1.4233821  1.52809119 0.88198732 0.55807542 1.58430781 0.63121733
  1.17866618 1.61785258 1.84271829 1.01816597 0.67437174 1.31247435
  0.56001222 0.5625582  0.68246234 1.97968473 1.88494736 1.91466901
  0.5595535  1.05314137]
 [0.86614289 0.70498729 1.85009048 1.08594305 1.65044422 0.67099233
  0.99184396 0.92815771 1.75544927 1.42012476 0.7402558  0.89386183
  0.91271331 1.05677471 0.73995377 1.08870431 0.63569846 1.95070766
  0.51787293 1.02039274]
 [1.45681218 1.43533831 1.72784534 0.56325372 1.74832756 0.51183468
  0.86364377 1.33561008 1.83970243 1.94013859 1.95169858 1.19086819
  1.02531299 0.50984347 1.69972157 0.99087127 1.54471884 1.54407173
  0.68430312 0.79522183]]|detritus:[[0. 0. 0. 0. 0. 0. 0. 0. 0. 0. 0. 0. 0. 0. 0. 0. 0. 0. 0. 0.]
 [0. 0. 0. 0. 0. 0. 0. 0. 0. 0. 0. 0. 0. 0. 0. 0. 0. 0. 0. 0.]
 [0. 0. 0. 0. 0. 0. 0. 0. 0. 0. 0. 0. 0. 0. 0. 0. 0. 0. 0. 0.]
 [0. 0. 0. 0. 0. 0. 0. 0. 0. 0. 0. 0. 0. 0. 0. 0. 0. 0. 0. 0.]
 [0. 0. 0. 0. 0. 0. 0. 0. 0. 0. 0. 0. 0. 0. 0. 0. 0. 0. 0. 0.]
 [0. 0. 0. 0. 0. 0. 0. 0. 0. 0. 0. 0. 0. 0. 0. 0. 0. 0. 0. 0.]
 [0. 0. 0. 0. 0. 0. 0. 0. 0. 0. 0. 0. 0. 0. 0. 0. 0. 0. 0. 0.]
 [0. 0. 0. 0. 0. 0. 0. 0. 0. 0. 0. 0. 0. 0. 0. 0. 0. 0. 0. 0.]
 [0. 0. 0. 0. 0. 0. 0. 0. 0. 0. 0. 0. 0. 0. 0. 0. 0. 0. 0. 0.]
 [0. 0. 0. 0. 0. 0. 0. 0. 0. 0. 0. 0. 0. 0. 0. 0. 0. 0. 0. 0.]])|particles:(f8mQU7M6:(id:f8mQU7M6|position:(2.8317655467607192|8.711703853799698)|local:()|mass:0.8065552478594624|exchange:()))|brownian_movement:process|particle_exchange:process|particle_division:process|emitter:step|global_time:0.0)|composition:(particles:map|global_time:float)|interface:(inputs:()|outputs:())|bridge:(inputs:()|outputs:())|global_time_precision:None)