(state:(fields:(glucose:[[1.06031452 3.23032386 4.32949353 7.08094696 4.76565781 7.44994673
  2.87458569 6.05502435 5.97348769 3.55950896 9.74601752 3.79655731
  5.42492216 2.8599318  6.97424445 7.2995334  3.77061608 7.3947644
  7.54903265 7.39871331]
 [1.34363281 6.78127495 9.82549401 8.74129216 7.59088943 7.78524785
  3.77389203 6.54748071 9.8591347  7.83930257 3.82510763 5.60967039
  5.12341676 7.0941738  6.4478384  4.57610165 3.57395306 5.02314287
  1.21573368 2.99657866]
 [9.7037518  6.24571263 4.82155349 9.34136101 8.93802794 4.97363776
  9.73104499 3.7821835  8.38493313 6.41209025 7.66497578 6.20009768
  9.97818962 5.91788001 9.8925582  6.57473199 2.28077891 2.34491058
  3.54885689 3.58577723]
 [5.79887823 7.76214859 8.12928675 1.19263468 9.97750507 9.12723057
  2.40313113 5.28730705 9.26517368 2.96590229 7.84457898 8.05806619
  6.51608438 2.0495751  8.57757005 3.23296186 3.03543069 2.05808084
  1.81222444 7.92611629]
 [3.6184408  4.19992205 1.94801769 1.52927478 7.08202763 8.97153131
  4.30145799 8.60791882 5.43294898 1.96931034 7.9499399  4.33913156
  3.02259222 3.90239478 3.71955887 5.80197968 9.65664955 7.51194942
  3.05032425 4.69158535]
 [6.31728244 2.99851789 1.14515564 4.88279488 3.05704896 4.45669723
  1.96328762 4.14659181 1.80457217 3.56446367 8.42473734 6.79680586
  4.79237454 3.02971026 8.07060942 2.60604835 2.86353046 8.78300606
  2.96778243 6.53671936]
 [8.30048433 5.36254345 8.89203457 8.4823181  4.46289426 7.22458587
  9.27137435 2.21738033 9.00609951 9.40963103 2.51964057 7.08027995
  5.31686305 6.88756989 9.20247855 3.29849041 2.79466423 5.65889268
  5.10625005 4.39851796]
 [8.14923291 7.52294717 5.6263211  2.54002964 4.98861289 3.74661357
  1.82748557 7.53516386 8.20174014 3.69018025 9.36756437 2.13931792
  5.38637755 1.84694463 3.84716916 3.67492833 5.91621577 1.6148767
  6.85352882 4.11701462]
 [6.89985435 2.41607897 5.78292824 9.96226719 1.49744785 8.50693296
  3.09967518 5.67472768 7.52713974 6.49185335 7.26281681 8.55157445
  3.71522983 3.65367704 8.56084213 4.27858364 3.29272695 5.40324063
  2.79272836 6.30419515]
 [8.14042673 5.47331664 1.22379717 3.70638235 8.7201764  9.4077968
  7.72690211 5.24955125 8.50095778 8.98151429 9.78751705 5.5407085
  5.05021496 5.86644279 8.66588684 8.82020981 7.14843548 7.29428996
  7.44327722 7.16713815]]|acetate:[[0. 0. 0. 0. 0. 0. 0. 0. 0. 0. 0. 0. 0. 0. 0. 0. 0. 0. 0. 0.]
 [0. 0. 0. 0. 0. 0. 0. 0. 0. 0. 0. 0. 0. 0. 0. 0. 0. 0. 0. 0.]
 [0. 0. 0. 0. 0. 0. 0. 0. 0. 0. 0. 0. 0. 0. 0. 0. 0. 0. 0. 0.]
 [0. 0. 0. 0. 0. 0. 0. 0. 0. 0. 0. 0. 0. 0. 0. 0. 0. 0. 0. 0.]
 [0. 0. 0. 0. 0. 0. 0. 0. 0. 0. 0. 0. 0. 0. 0. 0. 0. 0. 0. 0.]
 [0. 0. 0. 0. 0. 0. 0. 0. 0. 0. 0. 0. 0. 0. 0. 0. 0. 0. 0. 0.]
 [0. 0. 0. 0. 0. 0. 0. 0. 0. 0. 0. 0. 0. 0. 0. 0. 0. 0. 0. 0.]
 [0. 0. 0. 0. 0. 0. 0. 0. 0. 0. 0. 0. 0. 0. 0. 0. 0. 0. 0. 0.]
 [0. 0. 0. 0. 0. 0. 0. 0. 0. 0. 0. 0. 0. 0. 0. 0. 0. 0. 0. 0.]
 [0. 0. 0. 0. 0. 0. 0. 0. 0. 0. 0. 0. 0. 0. 0. 0. 0. 0. 0. 0.]])|diffusion:process|particles:(2j4i4XzU:(id:2j4i4XzU|position:(2.8708042323938736|9.468500121986427)|local:(glucose:2.9677824251676683|acetate:0.0)|mass:0.5561341899082162|exchange:(glucose:0.0|acetate:0.0)))|brownian_movement:process|particle_exchange:process|particle_division:process|emitter:step|global_time:0.0)|composition:(particles:map|global_time:float)|interface:(inputs:()|outputs:())|bridge:(inputs:()|outputs:())|global_time_precision:None)