(state:(fields:(glucose:[[2.16149639 2.74152071 2.11872873 2.08667545 2.10464096 1.52451087
  4.9588272  1.1229888  4.87640506 2.57641924 1.95483555 2.58381661
  3.98192044 4.60157931 4.40208769 3.9158506  1.64788425 3.0338477
  2.91467571 3.33216904]
 [2.71478846 2.98695249 1.2340809  1.51826706 1.03235946 1.31706746
  4.06857574 2.85287448 3.39809599 3.75186483 3.81483213 1.89121944
  2.33665602 3.95539087 4.72281658 4.29202031 1.3991849  1.18940825
  4.78159054 4.26063352]
 [4.99253422 1.71398998 3.22755793 2.3892405  3.92211253 1.96444665
  4.72193374 3.67058384 2.42312094 3.1957585  1.99666976 1.88078156
  2.19132929 2.72937643 1.5959056  1.04544135 3.33743459 4.46598115
  1.58485683 4.40906237]
 [2.49539911 2.45046409 2.55522941 2.13401    4.75273414 2.83513068
  1.66395725 4.7227839  4.42375286 3.93859384 4.32408889 3.2502788
  4.15832003 4.75327761 4.00352975 4.04655987 3.04339038 3.38620331
  3.10398182 1.48223705]
 [2.83664303 1.22983277 2.32257286 2.49041616 3.85648406 3.15086641
  3.01894576 2.17318233 4.69412863 1.19187907 4.8900921  1.89442865
  2.97518288 3.23738176 4.26336977 1.48997849 4.15015691 3.01177552
  2.24302164 4.69537483]
 [1.13403276 2.52987562 1.05974376 2.66536374 4.59960439 2.05134411
  2.66573348 4.93238464 2.80349277 3.94547444 4.29815728 4.29430197
  3.5709413  2.194464   1.89335477 2.98381989 4.99264405 2.66887514
  2.43706807 1.72399591]
 [4.39233352 4.14524495 2.03567436 3.62721986 4.29403117 1.90210715
  2.46695055 2.34267357 3.833785   1.31296865 3.51558893 3.80186821
  4.40113613 1.59405527 3.24175047 3.16492782 3.00394242 1.3876775
  1.14232293 4.15205065]
 [1.5421294  1.2108164  1.41072316 2.75380859 2.29326046 2.01509565
  1.18183064 2.54026566 2.89741528 2.52551403 3.17012401 4.64182889
  3.53575413 1.00146977 3.60141881 4.87771639 2.42508401 2.1948601
  3.58300688 2.13120964]
 [2.27348285 2.85616686 1.96064078 3.42951445 1.17217114 4.30152715
  3.05066507 3.25151321 2.70562471 2.78376958 3.00278466 4.09004575
  1.00594861 2.97702569 1.74799995 2.96442582 1.1635811  1.14029558
  2.10618405 3.04131406]
 [1.48319686 2.62415527 1.4769447  1.59861963 2.15422536 3.57831357
  1.32367732 3.48786902 2.93440954 3.47506928 3.66619753 3.26229988
  4.77657208 3.72587558 4.33071681 2.99943271 2.38443851 4.53131972
  3.38853347 2.51540354]]|acetate:[[0. 0. 0. 0. 0. 0. 0. 0. 0. 0. 0. 0. 0. 0. 0. 0. 0. 0. 0. 0.]
 [0. 0. 0. 0. 0. 0. 0. 0. 0. 0. 0. 0. 0. 0. 0. 0. 0. 0. 0. 0.]
 [0. 0. 0. 0. 0. 0. 0. 0. 0. 0. 0. 0. 0. 0. 0. 0. 0. 0. 0. 0.]
 [0. 0. 0. 0. 0. 0. 0. 0. 0. 0. 0. 0. 0. 0. 0. 0. 0. 0. 0. 0.]
 [0. 0. 0. 0. 0. 0. 0. 0. 0. 0. 0. 0. 0. 0. 0. 0. 0. 0. 0. 0.]
 [0. 0. 0. 0. 0. 0. 0. 0. 0. 0. 0. 0. 0. 0. 0. 0. 0. 0. 0. 0.]
 [0. 0. 0. 0. 0. 0. 0. 0. 0. 0. 0. 0. 0. 0. 0. 0. 0. 0. 0. 0.]
 [0. 0. 0. 0. 0. 0. 0. 0. 0. 0. 0. 0. 0. 0. 0. 0. 0. 0. 0. 0.]
 [0. 0. 0. 0. 0. 0. 0. 0. 0. 0. 0. 0. 0. 0. 0. 0. 0. 0. 0. 0.]
 [0. 0. 0. 0. 0. 0. 0. 0. 0. 0. 0. 0. 0. 0. 0. 0. 0. 0. 0. 0.]]|dissolved biomass:[[0.0583681  0.01100556 0.04287549 0.0232356  0.02346435 0.08809348
  0.05441205 0.04266688 0.04683375 0.02330922 0.04295475 0.08262448
  0.08569731 0.0574589  0.05302796 0.07453652 0.02220644 0.04711636
  0.01994821 0.04715107]
 [0.01360732 0.02147511 0.08017832 0.02045567 0.05341612 0.09167649
  0.06759842 0.02199383 0.07085859 0.03812016 0.04102831 0.08187697
  0.0463663  0.0150255  0.02203163 0.02147882 0.00634703 0.09197819
  0.03838799 0.02155264]
 [0.08040081 0.09078287 0.02297818 0.08842867 0.06732122 0.02840685
  0.06537033 0.07870579 0.08136731 0.06827022 0.09135647 0.04543352
  0.05788303 0.02525392 0.06888373 0.00592888 0.04789794 0.0019818
  0.0891883  0.0782502 ]
 [0.08101943 0.06924442 0.08054394 0.06392227 0.06873616 0.0537772
  0.05115645 0.05356178 0.03925359 0.07072946 0.09645032 0.08720223
  0.02051735 0.03182404 0.02556054 0.0858603  0.03216158 0.08521976
  0.02876067 0.08291768]
 [0.02683557 0.01914115 0.04077903 0.03549223 0.07748519 0.04609025
  0.04272149 0.07830353 0.07148132 0.02551387 0.07723753 0.02973579
  0.0781409  0.00453573 0.01482267 0.09778579 0.04471689 0.01085917
  0.02571765 0.04080995]
 [0.03529746 0.05478073 0.08042682 0.09938772 0.08506949 0.00559634
  0.07112562 0.09438369 0.00082933 0.0394355  0.06845631 0.08163035
  0.09969435 0.07211157 0.03867185 0.00549069 0.08364926 0.0849176
  0.05353454 0.0969371 ]
 [0.02569598 0.08244114 0.01125669 0.03768993 0.05694144 0.03910918
  0.03318663 0.0692532  0.07123795 0.06157689 0.04220637 0.06763302
  0.02842936 0.04654872 0.06644523 0.09161462 0.04433935 0.02449918
  0.03689558 0.07014078]
 [0.02490433 0.06235214 0.02617066 0.03818274 0.06572458 0.07270545
  0.06960674 0.04425503 0.09378954 0.08409335 0.05316093 0.03278004
  0.05548456 0.00097397 0.08855303 0.01473    0.00192172 0.057937
  0.01487177 0.09652277]
 [0.00577076 0.08967642 0.06962925 0.03813537 0.07604915 0.00700111
  0.09572328 0.02870388 0.02835018 0.08256486 0.06581533 0.07545345
  0.01734128 0.02409625 0.08397908 0.02896218 0.098233   0.00079945
  0.03201535 0.01842316]
 [0.03458748 0.01186919 0.053662   0.01758513 0.06685569 0.07106897
  0.04132083 0.03699802 0.04132769 0.090192   0.09396936 0.06603145
  0.09467269 0.03786281 0.0903559  0.01187862 0.03300029 0.06998078
  0.07055748 0.0874748 ]])|diffusion:process|spatial_dfba:process|particles:(1jfZIn-u:(id:1jfZIn-u|position:(3.1981871189137863|8.428963658076412)|local:(glucose:3.003942424992125|acetate:0.0|dissolved biomass:0.044339351833541735)|mass:0.5576215339567007|exchange:(glucose:0.0|acetate:0.0|dissolved biomass:0.0)))|brownian_movement:process|particle_exchange:process|particle_division:process|emitter:step|global_time:0.0)|composition:(particles:map|global_time:float)|interface:(inputs:()|outputs:())|bridge:(inputs:()|outputs:())|global_time_precision:None)