(state:(fields:(glucose:[[ 0.  5. 10. 15. 20.]
 [ 0.  5. 10. 15. 20.]
 [ 0.  5. 10. 15. 20.]
 [ 0.  5. 10. 15. 20.]
 [ 0.  5. 10. 15. 20.]
 [ 0.  5. 10. 15. 20.]]|acetate:[[0. 0. 0. 0. 0.]
 [0. 0. 0. 0. 0.]
 [0. 0. 0. 0. 0.]
 [0. 0. 0. 0. 0.]
 [0. 0. 0. 0. 0.]
 [0. 0. 0. 0. 0.]]|glycolate:[[10. 10. 10. 10. 10.]
 [10. 10. 10. 10. 10.]
 [10. 10. 10. 10. 10.]
 [10. 10. 10. 10. 10.]
 [10. 10. 10. 10. 10.]
 [10. 10. 10. 10. 10.]]|ammonium:[[10. 10. 10. 10. 10.]
 [10. 10. 10. 10. 10.]
 [10. 10. 10. 10. 10.]
 [10. 10. 10. 10. 10.]
 [10. 10. 10. 10. 10.]
 [10. 10. 10. 10. 10.]]|formate:[[10. 10. 10. 10. 10.]
 [10. 10. 10. 10. 10.]
 [10. 10. 10. 10. 10.]
 [10. 10. 10. 10. 10.]
 [10. 10. 10. 10. 10.]
 [10. 10. 10. 10. 10.]]|glutamate:[[10. 10. 10. 10. 10.]
 [10. 10. 10. 10. 10.]
 [10. 10. 10. 10. 10.]
 [10. 10. 10. 10. 10.]
 [10. 10. 10. 10. 10.]
 [10. 10. 10. 10. 10.]]|serine:[[0. 0. 0. 0. 0.]
 [0. 0. 0. 0. 0.]
 [0. 0. 0. 0. 0.]
 [0. 0. 0. 0. 0.]
 [0. 0. 0. 0. 0.]
 [0. 0. 0. 0. 0.]]|dissolved biomass:[[0.1 0.1 0.1 0.1 0.1]
 [0.1 0.1 0.1 0.1 0.1]
 [0.1 0.1 0.1 0.1 0.1]
 [0.1 0.1 0.1 0.1 0.1]
 [0.1 0.1 0.1 0.1 0.1]
 [0.1 0.1 0.1 0.1 0.1]])|spatial_dfba:process|emitter:step|global_time:0.0)|composition:(global_time:float)|interface:(inputs:()|outputs:())|bridge:(inputs:()|outputs:())|global_time_precision:None)